Training Set
0.8300
0.8409
0.8417
0.8530
0.8568
0.8365
0.8556
0.8465
0.8644
0.8469
Training Set
0.8303
0.8076
0.8376
0.8253
0.8657
0.8510
0.8562
0.8591
0.8645
0.8487
Training Set
0.8075
0.8280
0.8427
0.8328
0.8313
0.8286
0.8257
0.8388
0.8206
0.8277
Training Set
0.8273
0.8379
0.8323
0.8358
0.8458
0.8390
0.8450
0.8397
0.8507
0.8477
Training Set
0.8284
0.8413
0.8376
0.8319
0.8428
0.8363
0.8162
0.8237
0.8343
0.8298
Training Set
0.8286
0.8368
0.8266
0.8129
0.8130
0.8006
0.8173
0.7910
0.8137
0.7819
Training Set
0.8371
0.8517
0.8368
0.8371
0.8327
0.8367
0.8426
0.8443
0.8449
0.8358
Training Set
0.8303
0.8325
0.8480
0.8441
0.8519
0.8482
0.8277
0.8392
0.8168
0.8181
Training Set
0.7980
0.8049
0.7660
0.7884
0.7627
0.8143
0.8006
0.7841
0.7861
0.7999
Training Set
0.8115
0.7603
0.8407
0.8271
0.8336
0.8295
0.8502
0.8375
0.8176
0.8366
