Training Set
0.8648
0.8552
0.8567
0.8600
0.8604
0.8550
0.8469
0.8540
0.8503
0.8505
Training Set
0.8521
0.8325
0.8395
0.8504
0.8671
0.8661
0.8711
0.8727
0.8739
0.8589
Training Set
0.8314
0.8298
0.8141
0.8448
0.8396
0.8294
0.8258
0.8306
0.8336
0.8331
Training Set
0.8189
0.8434
0.8405
0.8501
0.8538
0.8539
0.8348
0.8447
0.8485
0.8485
Training Set
0.8414
0.8441
0.8360
0.8224
0.8225
0.8493
0.8362
0.8447
0.8392
0.8463
Training Set
0.8225
0.8330
0.8083
0.8155
0.8326
0.8217
0.8340
0.8303
0.8284
0.8111
Training Set
0.8391
0.8468
0.8477
0.8472
0.8465
0.8364
0.8456
0.8508
0.8485
0.8456
Training Set
0.8014
0.8270
0.8449
0.8374
0.8482
0.8628
0.8390
0.8429
0.8444
0.8317
Training Set
0.8158
0.8110
0.8026
0.8016
0.7970
0.8179
0.8020
0.7928
0.7969
0.8031
Training Set
0.8160
0.8408
0.8458
0.8539
0.8512
0.8431
0.8517
0.8290
0.8440
0.8381
