Training Set
0.8575
0.8687
0.8605
0.8599
0.8519
0.8644
0.8616
0.8629
0.8643
0.8696
Training Set
0.8260
0.8639
0.8550
0.8210
0.8411
0.8457
0.8503
0.8547
0.8462
0.8502
Training Set
0.8163
0.8278
0.8227
0.8182
0.8089
0.8103
0.8154
0.8184
0.8295
0.8220
Training Set
0.7919
0.8074
0.7953
0.8051
0.8029
0.8156
0.8126
0.8109
0.8123
0.8129
Training Set
0.8333
0.8265
0.8280
0.8279
0.8333
0.8427
0.8303
0.8185
0.8163
0.8083
Training Set
0.8151
0.8129
0.8181
0.8306
0.8254
0.8345
0.8309
0.8222
0.8203
0.8246
Training Set
0.7914
0.7735
0.7891
0.7890
0.7870
0.7794
0.7757
0.7885
0.7869
0.7809
Training Set
0.8430
0.8489
0.8596
0.8668
0.8734
0.8638
0.8807
0.8671
0.8649
0.8577
Training Set
0.8370
0.8481
0.8463
0.8542
0.8587
0.8565
0.8515
0.8530
0.8481
0.8422
Training Set
0.8413
0.8537
0.8418
0.8542
0.8468
0.8356
0.8448
0.8378
0.8472
0.8405
