Training Set
0.8590
0.8590
0.8590
0.8590
0.8590
0.8590
0.8590
0.8590
0.8590
0.8590
Training Set
0.8494
0.8494
0.8494
0.8494
0.8494
0.8494
0.8494
0.8494
0.8494
0.8494
Training Set
0.8178
0.8178
0.8178
0.8178
0.8178
0.8178
0.8178
0.8178
0.8178
0.8178
Training Set
0.8203
0.8203
0.8203
0.8203
0.8203
0.8203
0.8203
0.8203
0.8203
0.8203
Training Set
0.8398
0.8398
0.8398
0.8398
0.8398
0.8398
0.8398
0.8398
0.8398
0.8398
Training Set
0.8210
0.8210
0.8210
0.8210
0.8210
0.8210
0.8210
0.8210
0.8210
0.8210
Training Set
0.7749
0.7749
0.7749
0.7749
0.7749
0.7749
0.7749
0.7749
0.7749
0.7749
Training Set
0.8682
0.8682
0.8682
0.8682
0.8682
0.8682
0.8682
0.8682
0.8682
0.8682
Training Set
0.8416
0.8416
0.8416
0.8416
0.8416
0.8416
0.8416
0.8416
0.8416
0.8416
Training Set
0.8376
0.8376
0.8376
0.8376
0.8376
0.8376
0.8376
0.8376
0.8376
0.8376
