Training Set
0.6337
0.6404
0.6365
0.6440
0.6436
0.6352
0.6279
0.6495
0.6577
0.6435
Training Set
0.6744
0.6525
0.6415
0.6582
0.6486
0.6496
0.6396
0.6459
0.6377
0.6459
Training Set
0.6400
0.6497
0.6269
0.6172
0.6251
0.6397
0.6435
0.6394
0.6323
0.6452
Training Set
0.5897
0.5940
0.5933
0.6081
0.5978
0.6015
0.5984
0.5824
0.6041
0.6123
Training Set
0.6249
0.6272
0.5916
0.6110
0.5965
0.6209
0.6055
0.6141
0.6095
0.6160
Training Set
0.6118
0.5966
0.6061
0.5966
0.6119
0.6121
0.6046
0.6112
0.5930
0.6031
Training Set
0.6248
0.6214
0.6254
0.6220
0.6224
0.6103
0.6229
0.6274
0.6266
0.6115
Training Set
0.6209
0.6240
0.6203
0.6336
0.6186
0.6238
0.6235
0.6106
0.6155
0.6158
Training Set
0.6460
0.6387
0.6249
0.6229
0.6133
0.6152
0.6287
0.6281
0.6486
0.6462
Training Set
0.6131
0.6257
0.6101
0.6265
0.6283
0.6152
0.6223
0.6226
0.6237
0.6330
