Training Set
0.8567
0.8692
0.8626
0.8657
0.8571
0.8658
0.8654
0.8637
0.8657
0.8623
Training Set
0.8684
0.8690
0.8656
0.8642
0.8452
0.8547
0.8648
0.8611
0.8594
0.8651
Training Set
0.8380
0.8480
0.8397
0.8354
0.8416
0.8466
0.8418
0.8374
0.8449
0.8441
Training Set
0.8510
0.8563
0.8479
0.8450
0.8560
0.8397
0.8527
0.8436
0.8501
0.8494
Training Set
0.8502
0.8444
0.8522
0.8396
0.8473
0.8573
0.8489
0.8487
0.8552
0.8523
Training Set
0.8361
0.8393
0.8435
0.8425
0.8450
0.8430
0.8286
0.8454
0.8373
0.8375
Training Set
0.8573
0.8479
0.8434
0.8503
0.8394
0.8530
0.8339
0.8554
0.8515
0.8467
Training Set
0.8570
0.8548
0.8604
0.8679
0.8576
0.8611
0.8659
0.8506
0.8521
0.8549
Training Set
0.8150
0.8219
0.8216
0.8109
0.8068
0.8048
0.8187
0.8120
0.8134
0.8194
Training Set
0.8351
0.8364
0.8349
0.8275
0.8240
0.8389
0.8378
0.8301
0.8386
0.8208
