Training Set
0.8564
0.8573
0.8375
0.8549
0.8592
0.8548
0.8665
0.8670
0.8681
0.8701
Training Set
0.8287
0.8437
0.8513
0.8608
0.8347
0.8186
0.8472
0.8512
0.8577
0.8481
Training Set
0.8323
0.8333
0.8375
0.8578
0.8537
0.8469
0.8526
0.8587
0.8682
0.8603
Training Set
0.8148
0.8398
0.8424
0.8310
0.8134
0.8375
0.8366
0.8551
0.8529
0.8565
Training Set
0.8512
0.8313
0.8489
0.8388
0.8349
0.8334
0.8412
0.8428
0.8189
0.8298
Training Set
0.8486
0.8321
0.8177
0.8056
0.8354
0.8494
0.8402
0.8411
0.8386
0.8457
Training Set
0.8356
0.8176
0.8088
0.8270
0.8150
0.8318
0.8500
0.8391
0.8423
0.8209
Training Set
0.8014
0.8237
0.7876
0.8040
0.8138
0.8073
0.7839
0.8166
0.8347
0.8241
Training Set
0.8277
0.8325
0.8201
0.8278
0.8161
0.8396
0.8183
0.8091
0.8207
0.8317
Training Set
0.8112
0.8397
0.7932
0.8237
0.8222
0.8270
0.8323
0.8311
0.8269
0.8369
