tau=1,alpha=0,tied_wt=1
Training Set
0.8687
0.8646
0.8626
0.8632
0.8652
0.8622
0.8616
0.8614
0.8683
0.8624
0.8615
0.8602
0.8584
0.8695
0.8725
0.8695
0.8689
0.8673
0.8715
0.8675
Training Set
0.8642
0.8690
0.8654
0.8665
0.8667
0.8608
0.8621
0.8612
0.8551
0.8634
0.8634
0.8659
0.8719
0.8745
0.8674
0.8600
0.8717
0.8718
0.8732
0.8710
Training Set
0.8240
0.8255
0.8283
0.8393
0.8348
0.8274
0.8282
0.8304
0.8375
0.8402
0.8263
0.8404
0.8404
0.8304
0.8393
0.8217
0.8262
0.8304
0.8417
0.8286
Training Set
0.8175
0.8216
0.8274
0.8280
0.8346
0.8265
0.8297
0.8296
0.8224
0.8327
0.8199
0.8228
0.8224
0.8115
0.8179
0.8292
0.8130
0.8250
0.8293
0.8147
Training Set
0.8455
0.8400
0.8442
0.8412
0.8496
0.8428
0.8466
0.8469
0.8466
0.8493
0.8483
0.8500
0.8428
0.8443
0.8375
0.8331
0.8419
0.8448
0.8460
0.8463
Training Set
0.8381
0.8397
0.8376
0.8404
0.8415
0.8368
0.8297
0.8357
0.8421
0.8453
0.8394
0.8294
0.8323
0.8177
0.8278
0.8271
0.8383
0.8390
0.8292
0.8244
Training Set
0.7958
0.7991
0.7976
0.8026
0.8011
0.7970
0.8017
0.8069
0.8051
0.8005
0.8005
0.8013
0.7955
0.8012
0.7941
0.7950
0.8017
0.8035
0.8031
0.8006
Training Set
0.8537
0.8712
0.8608
0.8624
0.8657
0.8733
0.8605
0.8758
0.8762
0.8757
0.8680
0.8668
0.8700
0.8687
0.8733
0.8679
0.8785
0.8758
0.8718
0.8783
Training Set
0.8558
0.8614
0.8521
0.8542
0.8492
0.8452
0.8521
0.8614
0.8658
0.8535
0.8480
0.8578
0.8474
0.8568
0.8590
0.8659
0.8508
0.8612
0.8604
0.8555
Training Set
0.8460
0.8525
0.8441
0.8570
0.8491
0.8405
0.8429
0.8642
0.8459
0.8510
0.8476
0.8607
0.8492
0.8552
0.8474
0.8628
0.8454
0.8569
0.8413
0.8431
