Training Set
0.6030
0.6032
0.6052
0.5991
0.5962
0.5974
0.5926
0.5827
0.6101
0.5968
Training Set
0.6047
0.6008
0.5987
0.5908
0.6105
0.5922
0.5859
0.5946
0.5946
0.5941
Training Set
0.6572
0.6677
0.6518
0.6663
0.6578
0.6571
0.6674
0.6670
0.6694
0.6569
Training Set
0.6474
0.6396
0.6435
0.6425
0.6460
0.6445
0.6371
0.6365
0.6418
0.6393
Training Set
0.6041
0.6030
0.6040
0.5899
0.5888
0.5895
0.5871
0.6091
0.5956
0.5973
Training Set
0.5841
0.5913
0.6251
0.6156
0.6047
0.6100
0.6135
0.6179
0.5994
0.6247
Training Set
0.5687
0.5936
0.5964
0.5928
0.6028
0.6044
0.6141
0.6024
0.5861
0.5962
Training Set
0.6058
0.5954
0.6266
0.6335
0.6210
0.6197
0.5971
0.6132
0.6219
0.5915
Training Set
0.5862
0.6197
0.6230
0.6097
0.6229
0.6310
0.6281
0.6154
0.6038
0.6074
Training Set
0.6216
0.6490
0.6471
0.6547
0.6378
0.6350
0.6416
0.6423
0.6366
0.6468
