Training Set
0.6133
0.6051
0.6273
0.6237
0.6225
0.6160
0.6221
0.6173
0.6047
0.6024
Training Set
0.6384
0.6384
0.6483
0.6643
0.6339
0.6370
0.6127
0.6568
0.6198
0.6245
Training Set
0.6420
0.6248
0.6557
0.6125
0.6238
0.6611
0.6468
0.6440
0.6539
0.6142
Training Set
0.5726
0.5877
0.6095
0.5772
0.5891
0.5965
0.5974
0.5825
0.5761
0.5737
Training Set
0.6444
0.5907
0.6424
0.6340
0.6253
0.6416
0.6243
0.6292
0.6346
0.6339
Training Set
0.6412
0.6233
0.6317
0.6257
0.6152
0.6407
0.6048
0.6254
0.6170
0.6326
Training Set
0.5999
0.5848
0.5784
0.6093
0.6025
0.6123
0.5844
0.6012
0.6063
0.5974
Training Set
0.6313
0.6281
0.6439
0.6419
0.6325
0.6262
0.6422
0.6480
0.6326
0.6262
Training Set
0.6067
0.6126
0.5872
0.6308
0.6182
0.6163
0.5896
0.6183
0.6349
0.6210
Training Set
0.6441
0.6179
0.6485
0.6160
0.6282
0.6461
0.6411
0.6221
0.6098
0.6175
