Training Set
0.6223
0.6211
0.6080
0.6135
0.6243
0.5888
0.5990
0.6084
0.5754
0.6006
Training Set
0.6204
0.6327
0.5870
0.6136
0.6230
0.6449
0.6368
0.6565
0.6244
0.6464
Training Set
0.6399
0.6137
0.6314
0.6293
0.6511
0.6161
0.6157
0.6260
0.6487
0.6279
Training Set
0.5792
0.5623
0.5831
0.5812
0.5939
0.5743
0.5683
0.5620
0.5770
0.5845
Training Set
0.6085
0.5998
0.6498
0.6540
0.6331
0.6295
0.6264
0.6356
0.6248
0.6070
Training Set
0.6029
0.6309
0.6542
0.6610
0.6584
0.6531
0.5983
0.5987
0.6235
0.6297
Training Set
0.6020
0.5782
0.5862
0.5798
0.6005
0.6036
0.6215
0.6108
0.5964
0.6011
Training Set
0.5958
0.6522
0.6092
0.6332
0.6277
0.6031
0.6227
0.6179
0.6382
0.6449
Training Set
0.6162
0.6307
0.6166
0.6201
0.6206
0.6102
0.6172
0.6280
0.6140
0.6130
Training Set
0.6563
0.6153
0.6155
0.6095
0.6309
0.6248
0.6331
0.6388
0.6204
0.6492
