Training Set
0.8618
0.8563
0.8522
0.8534
0.8536
0.8508
0.8443
0.8438
0.8577
0.8541
Training Set
0.8298
0.8261
0.8444
0.8451
0.8674
0.8641
0.8581
0.8685
0.8686
0.8660
Training Set
0.8058
0.8180
0.7940
0.8507
0.8451
0.8206
0.8353
0.8367
0.8411
0.8299
Training Set
0.8186
0.8347
0.8374
0.8433
0.8504
0.8340
0.8196
0.8265
0.8381
0.8487
Training Set
0.8350
0.8356
0.8414
0.8204
0.8359
0.8477
0.8290
0.8436
0.8425
0.8385
Training Set
0.8159
0.8266
0.8172
0.8114
0.8387
0.8175
0.8360
0.8284
0.8292
0.7971
Training Set
0.8452
0.8392
0.8574
0.8404
0.8338
0.8423
0.8466
0.8454
0.8463
0.8463
Training Set
0.8241
0.8273
0.8527
0.8337
0.8325
0.8513
0.8365
0.8455
0.8487
0.8431
Training Set
0.8018
0.8107
0.8067
0.7929
0.8003
0.8176
0.7813
0.7882
0.7921
0.8055
Training Set
0.8399
0.8507
0.8336
0.8465
0.8529
0.8410
0.8468
0.8257
0.8435
0.8397
