Training Set
0.8516
0.8668
0.8638
0.8568
0.8466
0.8494
0.8481
0.8489
0.8558
0.8553
Training Set
0.8303
0.8455
0.8480
0.8399
0.8366
0.8455
0.8504
0.8560
0.8140
0.8656
Training Set
0.8092
0.8034
0.8197
0.8034
0.8164
0.8096
0.8171
0.8106
0.8236
0.8162
Training Set
0.7818
0.7890
0.8048
0.7996
0.7884
0.7995
0.8108
0.8127
0.8120
0.8176
Training Set
0.8194
0.8164
0.8093
0.8332
0.8274
0.8501
0.8311
0.8232
0.8265
0.8278
Training Set
0.8135
0.8021
0.8130
0.8156
0.8229
0.8210
0.8299
0.8190
0.8175
0.8207
Training Set
0.7954
0.8001
0.7928
0.7912
0.7706
0.7759
0.7810
0.7727
0.7803
0.7798
Training Set
0.8469
0.8376
0.8494
0.8560
0.8393
0.8621
0.8439
0.8378
0.8595
0.8675
Training Set
0.8490
0.8350
0.8433
0.8081
0.8414
0.8538
0.8517
0.8453
0.8541
0.8395
Training Set
0.8439
0.8325
0.8361
0.8501
0.8521
0.8408
0.8417
0.8333
0.8518
0.8465
