Training Set
0.7593
0.7799
0.8087
0.7853
0.7955
0.7904
0.7883
0.7808
0.7907
0.7902
Training Set
0.8166
0.8177
0.8296
0.8222
0.8040
0.8137
0.8226
0.8229
0.8341
0.8250
Training Set
0.8124
0.7877
0.7916
0.7954
0.8005
0.7853
0.7943
0.7946
0.8123
0.7988
Training Set
0.8095
0.8082
0.8217
0.8187
0.8212
0.8301
0.8261
0.8243
0.8197
0.8291
Training Set
0.7586
0.7719
0.7788
0.7881
0.7875
0.7938
0.7773
0.7833
0.7862
0.7930
Training Set
0.8116
0.8067
0.8120
0.8041
0.8082
0.8119
0.8119
0.7877
0.7931
0.8039
Training Set
0.8375
0.8424
0.8495
0.8449
0.8541
0.8380
0.8421
0.8514
0.8509
0.8562
Training Set
0.7977
0.8050
0.7880
0.7856
0.7985
0.7957
0.7927
0.7891
0.8080
0.7988
Training Set
0.8026
0.8076
0.7959
0.8225
0.8099
0.8226
0.8281
0.8092
0.8200
0.8025
Training Set
0.7507
0.7470
0.7822
0.7972
0.7861
0.7983
0.8042
0.7818
0.7984
0.7952
