Training Set
0.7793
0.7435
0.7603
0.7765
0.7698
0.7571
0.7605
0.7809
0.7685
0.8001
Training Set
0.8122
0.8230
0.8326
0.8203
0.8219
0.8140
0.8139
0.8260
0.8217
0.8040
Training Set
0.7616
0.7833
0.7857
0.7934
0.7756
0.7983
0.8034
0.7979
0.7925
0.8021
Training Set
0.8076
0.8007
0.8108
0.8194
0.8168
0.8060
0.8097
0.8111
0.8104
0.8146
Training Set
0.7767
0.7376
0.7619
0.7643
0.7706
0.7763
0.7769
0.7796
0.7868
0.7966
Training Set
0.8088
0.7744
0.8135
0.8079
0.7908
0.8164
0.8096
0.7971
0.8188
0.8104
Training Set
0.8489
0.8353
0.8610
0.8473
0.8471
0.8367
0.8314
0.8489
0.8379
0.8298
Training Set
0.7642
0.7875
0.7818
0.7823
0.7864
0.7985
0.7786
0.7842
0.7840
0.8088
Training Set
0.7595
0.7651
0.8064
0.7929
0.7964
0.8089
0.8046
0.8351
0.8111
0.7892
Training Set
0.7663
0.6621
0.7721
0.7898
0.7662
0.7708
0.7923
0.7777
0.7834
0.7760
