Training Set
0.7112
0.7465
0.7827
0.7766
0.8074
0.7902
0.7864
0.7858
0.7911
0.7932
Training Set
0.8205
0.8193
0.8201
0.8229
0.8312
0.8257
0.8178
0.8246
0.8251
0.8347
Training Set
0.7803
0.7882
0.7841
0.7911
0.7944
0.7824
0.7814
0.7949
0.7963
0.7937
Training Set
0.8081
0.8172
0.8106
0.8208
0.8090
0.8357
0.8197
0.8296
0.8164
0.8233
Training Set
0.7491
0.7803
0.7743
0.7725
0.7878
0.7817
0.7870
0.7768
0.7892
0.7929
Training Set
0.8178
0.7870
0.8214
0.8115
0.7913
0.8276
0.8249
0.7865
0.8099
0.8033
Training Set
0.8480
0.8532
0.8485
0.8474
0.8608
0.8327
0.8446
0.8454
0.8539
0.8575
Training Set
0.7640
0.8182
0.7872
0.7976
0.8006
0.7976
0.8047
0.8003
0.8002
0.7970
Training Set
0.8106
0.7924
0.7974
0.8234
0.7984
0.8171
0.8140
0.8234
0.8111
0.8009
Training Set
0.7897
0.7792
0.7790
0.7979
0.7915
0.7865
0.7938
0.7847
0.7951
0.8094
