Training Set
0.8580
0.8453
0.8549
0.8428
0.8528
0.8265
0.8474
0.8446
0.8571
0.8593
Training Set
0.8320
0.8465
0.8415
0.8484
0.8653
0.8514
0.8582
0.8847
0.8646
0.8581
Training Set
0.8186
0.8338
0.8064
0.8424
0.8291
0.8220
0.8315
0.8284
0.8427
0.8384
Training Set
0.8292
0.8070
0.8331
0.8479
0.8403
0.8246
0.8380
0.8287
0.8340
0.8436
Training Set
0.8082
0.8118
0.8506
0.8282
0.8263
0.8235
0.8279
0.8469
0.8333
0.8329
Training Set
0.8076
0.8149
0.8043
0.7805
0.8198
0.8104
0.8346
0.8309
0.8029
0.8148
Training Set
0.8639
0.8460
0.8509
0.8442
0.8382
0.8564
0.8423
0.8435
0.8415
0.8569
Training Set
0.8332
0.8290
0.8564
0.8499
0.8356
0.8460
0.8473
0.8363
0.8404
0.8516
Training Set
0.8151
0.8287
0.8053
0.7975
0.8071
0.8122
0.7682
0.7982
0.7854
0.8047
Training Set
0.8317
0.8412
0.8448
0.8485
0.8442
0.8285
0.8372
0.8307
0.8473
0.8370
