Training Set
0.5975
0.5685
0.6028
0.5854
0.5889
0.5817
0.5906
0.6071
0.6078
0.5911
Training Set
0.5745
0.5850
0.5949
0.5806
0.5822
0.5811
0.5894
0.5895
0.5773
0.5593
Training Set
0.6348
0.6482
0.6495
0.6620
0.6398
0.6550
0.6714
0.6770
0.6668
0.6609
Training Set
0.6524
0.6470
0.6381
0.6416
0.6396
0.6411
0.6495
0.6583
0.6641
0.6694
Training Set
0.5846
0.5804
0.5893
0.5828
0.5753
0.5608
0.5860
0.5979
0.5924
0.5910
Training Set
0.5841
0.6145
0.6041
0.5954
0.6198
0.5956
0.6014
0.6200
0.6150
0.5981
Training Set
0.5841
0.5774
0.5842
0.6078
0.6009
0.5890
0.5542
0.5839
0.5820
0.5900
Training Set
0.6341
0.6210
0.6123
0.6235
0.5941
0.6324
0.6221
0.6297
0.6178
0.6229
Training Set
0.5950
0.5927
0.6232
0.6291
0.6125
0.6160
0.6130
0.6055
0.6172
0.6222
Training Set
0.6216
0.6363
0.6302
0.6283
0.6556
0.6318
0.6232
0.6240
0.6282
0.6311
