Training Set
0.6030
0.5857
0.6251
0.6230
0.6068
0.6373
0.6232
0.6273
0.5924
0.6066
Training Set
0.6461
0.6488
0.6459
0.6587
0.6501
0.6621
0.6310
0.6322
0.6388
0.6438
Training Set
0.6304
0.6248
0.6227
0.6211
0.6526
0.6611
0.6625
0.6404
0.6384
0.6500
Training Set
0.5763
0.5698
0.5997
0.5828
0.5753
0.5930
0.5927
0.5914
0.5817
0.5697
Training Set
0.6127
0.5977
0.6237
0.6478
0.6383
0.6311
0.6160
0.6164
0.6097
0.6376
Training Set
0.6346
0.6234
0.5953
0.5885
0.6091
0.6421
0.6115
0.6462
0.6281
0.6273
Training Set
0.6053
0.5842
0.6017
0.5938
0.5720
0.5954
0.5983
0.5976
0.5975
0.5812
Training Set
0.6406
0.6413
0.6418
0.6635
0.6268
0.6387
0.6418
0.6519
0.6329
0.6338
Training Set
0.6185
0.6406
0.5944
0.6040
0.6523
0.6251
0.6205
0.6216
0.6089
0.6092
Training Set
0.5697
0.6113
0.6472
0.6024
0.6214
0.5988
0.6348
0.6521
0.6170
0.6162
