Training Set
0.6033
0.5692
0.6097
0.6133
0.5948
0.6235
0.6196
0.6321
0.6159
0.6082
Training Set
0.6207
0.6531
0.6453
0.6400
0.6387
0.6439
0.6329
0.6346
0.6350
0.6222
Training Set
0.6208
0.6367
0.6377
0.6363
0.6430
0.6510
0.6531
0.6337
0.6267
0.6513
Training Set
0.5788
0.5609
0.5926
0.5756
0.5709
0.5808
0.5893
0.6037
0.5633
0.5744
Training Set
0.6062
0.6140
0.6070
0.6223
0.6393
0.6202
0.6107
0.6102
0.6057
0.6451
Training Set
0.6305
0.6135
0.5964
0.5785
0.5966
0.6066
0.6001
0.6614
0.6092
0.6092
Training Set
0.5974
0.5855
0.5957
0.5937
0.5550
0.5957
0.5907
0.6174
0.6217
0.5787
Training Set
0.5713
0.6548
0.6602
0.6406
0.6413
0.6368
0.6275
0.6508
0.6381
0.6432
Training Set
0.6154
0.6046
0.6008
0.6156
0.6299
0.5958
0.6023
0.6399
0.5987
0.5977
Training Set
0.5952
0.6286
0.6279
0.5997
0.6489
0.6030
0.6352
0.6523
0.6110
0.6102
