Training Set
0.6260
0.6099
0.5975
0.6280
0.6024
0.6294
0.6079
0.6239
0.5908
0.5958
Training Set
0.6598
0.6542
0.6447
0.6429
0.6251
0.6707
0.6282
0.6423
0.6360
0.6371
Training Set
0.6343
0.6490
0.6228
0.6291
0.6095
0.6429
0.6515
0.6391
0.6515
0.6422
Training Set
0.6002
0.5718
0.5935
0.5815
0.5800
0.5983
0.5943
0.5949
0.5783
0.5748
Training Set
0.6169
0.6125
0.6527
0.6419
0.6381
0.6482
0.6255
0.6079
0.6243
0.6304
Training Set
0.6353
0.6292
0.5840
0.6144
0.6146
0.6517
0.6467
0.6256
0.6169
0.5963
Training Set
0.5846
0.6021
0.5999
0.5860
0.5888
0.5924
0.5834
0.5955
0.5803
0.5858
Training Set
0.6239
0.5964
0.6151
0.6387
0.6072
0.6443
0.6162
0.6550
0.6097
0.6359
Training Set
0.6181
0.6185
0.6202
0.6050
0.6055
0.5980
0.6103
0.6082
0.6085
0.6055
Training Set
0.6153
0.6078
0.6516
0.5939
0.6194
0.5942
0.6243
0.6195
0.6214
0.6031
