Training Set
0.7766
0.7797
0.7870
0.7843
0.7751
0.8110
0.7801
0.7940
0.7744
0.7937
Training Set
0.8297
0.8180
0.8370
0.8022
0.8187
0.8277
0.8344
0.8245
0.8229
0.8283
Training Set
0.8108
0.8034
0.7991
0.7949
0.8159
0.8161
0.7965
0.8147
0.7955
0.8180
Training Set
0.8096
0.8122
0.8066
0.8177
0.8104
0.8088
0.8075
0.8117
0.8084
0.8181
Training Set
0.7729
0.7762
0.7625
0.7750
0.7852
0.7846
0.7887
0.7835
0.7802
0.7938
Training Set
0.8104
0.7956
0.7886
0.8048
0.7963
0.7855
0.7978
0.7943
0.8138
0.8099
Training Set
0.8462
0.8282
0.8497
0.8519
0.8083
0.8516
0.8525
0.8351
0.8601
0.8533
Training Set
0.7975
0.7905
0.7992
0.7954
0.8083
0.8127
0.8007
0.7996
0.7935
0.8035
Training Set
0.8046
0.7954
0.8112
0.8079
0.8113
0.8318
0.8151
0.8026
0.8117
0.8111
Training Set
0.7252
0.7921
0.7914
0.7984
0.7921
0.8082
0.7990
0.7697
0.7810
0.7745
