Training Set
0.7728
0.7672
0.7885
0.7717
0.7927
0.7970
0.7779
0.8011
0.7788
0.7778
Training Set
0.8287
0.8019
0.8190
0.8269
0.8201
0.8250
0.8325
0.8367
0.8381
0.8351
Training Set
0.7796
0.7794
0.7807
0.8112
0.8001
0.8139
0.7923
0.7949
0.7954
0.7991
Training Set
0.8059
0.7978
0.8110
0.8277
0.8124
0.8191
0.8010
0.8293
0.8076
0.8241
Training Set
0.7589
0.7620
0.7737
0.7790
0.7847
0.7847
0.7791
0.7876
0.7831
0.7796
Training Set
0.7975
0.7924
0.7962
0.8090
0.8028
0.8073
0.8149
0.7974
0.8043
0.8024
Training Set
0.8521
0.8314
0.8520
0.8493
0.8593
0.8434
0.8543
0.8423
0.8560
0.8569
Training Set
0.8057
0.7832
0.7980
0.7866
0.8067
0.8049
0.7989
0.7975
0.7930
0.7957
Training Set
0.8110
0.8016
0.8182
0.8223
0.8115
0.8266
0.8199
0.8253
0.8335
0.7993
Training Set
0.7948
0.7768
0.7635
0.8042
0.7833
0.7880
0.7804
0.7820
0.7968
0.7955
