Training Set
0.8637
0.8497
0.8637
0.8510
0.8513
0.8532
0.8509
0.8642
0.8575
0.8637
Training Set
0.8699
0.8204
0.8492
0.8676
0.8440
0.8543
0.8464
0.8532
0.8668
0.8450
Training Set
0.8261
0.8341
0.8452
0.8324
0.8374
0.8423
0.8455
0.8358
0.8306
0.8500
Training Set
0.8272
0.8501
0.8181
0.8379
0.8384
0.8387
0.8405
0.8422
0.8515
0.8516
Training Set
0.8350
0.8155
0.8371
0.8386
0.8336
0.8428
0.8260
0.8361
0.8474
0.8332
Training Set
0.8351
0.8258
0.8111
0.8083
0.8305
0.8279
0.8363
0.8306
0.8077
0.8247
Training Set
0.8541
0.8473
0.8357
0.8474
0.8268
0.8462
0.8555
0.8347
0.8507
0.8610
Training Set
0.8460
0.8389
0.8568
0.8371
0.8358
0.8316
0.8406
0.8461
0.8489
0.8517
Training Set
0.8092
0.7874
0.7998
0.8124
0.7992
0.7847
0.7961
0.8075
0.7876
0.7985
Training Set
0.8377
0.8268
0.8322
0.8360
0.8317
0.8388
0.8464
0.8321
0.8310
0.8420
