Training Set
0.7874
0.7661
0.7845
0.7654
0.7932
0.8015
0.7893
0.7915
0.7839
0.7865
Training Set
0.8061
0.8194
0.8131
0.8118
0.8335
0.8323
0.8345
0.8346
0.8349
0.8284
Training Set
0.7992
0.7958
0.7852
0.8070
0.8021
0.8052
0.7937
0.7994
0.8037
0.8078
Training Set
0.8054
0.8127
0.8207
0.8236
0.8143
0.8290
0.8024
0.8237
0.8123
0.8317
Training Set
0.7609
0.7495
0.7663
0.7872
0.7910
0.7857
0.7850
0.7894
0.7946
0.7910
Training Set
0.8044
0.7903
0.8062
0.8037
0.7937
0.7820
0.7969
0.8000
0.8105
0.7964
Training Set
0.8571
0.8359
0.8568
0.8608
0.8569
0.8512
0.8566
0.8440
0.8545
0.8426
Training Set
0.8020
0.8029
0.7989
0.8135
0.8136
0.8066
0.8102
0.8156
0.7791
0.8008
Training Set
0.7974
0.8042
0.7988
0.8040
0.8076
0.8152
0.8180
0.8042
0.8255
0.8086
Training Set
0.7548
0.7844
0.7520
0.8022
0.7959
0.8083
0.8027
0.7663
0.7917
0.7785
