Training Set
0.5711
0.5711
0.5711
0.5711
0.6258
0.6299
0.6285
0.6285
0.6284
0.6291
Training Set
0.5788
0.5788
0.5788
0.5788
0.6385
0.6376
0.6375
0.6379
0.6360
0.6360
Training Set
0.5273
0.5273
0.5273
0.5273
0.6098
0.6127
0.6189
0.6189
0.6231
0.6191
Training Set
0.5137
0.5137
0.5137
0.5137
0.5877
0.5941
0.5894
0.5767
0.5912
0.5849
Training Set
0.5446
0.5446
0.5446
0.5446
0.6157
0.6249
0.6273
0.6445
0.6383
0.6300
Training Set
0.5397
0.5397
0.5397
0.5397
0.5896
0.5850
0.5867
0.5833
0.5860
0.5875
Training Set
0.5322
0.5322
0.5322
0.5322
0.5902
0.6049
0.6040
0.5922
0.5979
0.6029
Training Set
0.5503
0.5503
0.5503
0.5503
0.6241
0.6248
0.6305
0.6338
0.6324
0.6314
Training Set
0.5613
0.5613
0.5613
0.5613
0.6184
0.6186
0.6185
0.6186
0.6195
0.6178
Training Set
0.5717
0.5717
0.5717
0.5717
0.5977
0.5999
0.6024
0.6047
0.6143
0.6198
