Training Set
0.8563
0.8581
0.8456
0.8585
0.8486
0.8529
0.8558
0.8486
0.8638
0.8672
Training Set
0.8250
0.8282
0.8354
0.8337
0.8423
0.8478
0.8502
0.8482
0.8496
0.8605
Training Set
0.8062
0.8221
0.8052
0.8239
0.8231
0.8149
0.8145
0.8234
0.8204
0.8140
Training Set
0.7811
0.8078
0.7999
0.7989
0.7931
0.8123
0.8138
0.8142
0.8100
0.8246
Training Set
0.8169
0.8380
0.8295
0.8346
0.8250
0.8367
0.8352
0.8270
0.8195
0.8254
Training Set
0.8214
0.8168
0.8177
0.8277
0.8279
0.8191
0.8250
0.8338
0.8183
0.8372
Training Set
0.7933
0.7846
0.7970
0.7959
0.7686
0.7962
0.7782
0.7707
0.7728
0.7791
Training Set
0.8405
0.8567
0.8530
0.8650
0.8639
0.8506
0.8586
0.8593
0.8726
0.8557
Training Set
0.8465
0.8345
0.8541
0.8569
0.8663
0.8560
0.8448
0.8531
0.8541
0.8530
Training Set
0.8371
0.8375
0.8383
0.8463
0.8560
0.8412
0.8487
0.8363
0.8521
0.8411
