Training Set
0.8541
0.8641
0.8624
0.8564
0.8376
0.8449
0.8601
0.8533
0.8500
0.8656
Training Set
0.8142
0.8155
0.8291
0.8459
0.8337
0.8506
0.8366
0.8488
0.8600
0.8578
Training Set
0.8194
0.7993
0.8107
0.8015
0.8281
0.8182
0.8146
0.8240
0.8174
0.8219
Training Set
0.7931
0.7783
0.8020
0.7997
0.8020
0.7992
0.8263
0.8026
0.8149
0.8156
Training Set
0.8101
0.8006
0.8099
0.8199
0.8368
0.8447
0.8288
0.7935
0.8157
0.8130
Training Set
0.7756
0.8107
0.8238
0.8426
0.8394
0.8109
0.8313
0.8138
0.8202
0.8069
Training Set
0.7989
0.7930
0.7960
0.7890
0.7833
0.7853
0.7805
0.7878
0.7718
0.7802
Training Set
0.8522
0.8246
0.8500
0.8611
0.8393
0.8572
0.8482
0.8394
0.8539
0.8527
Training Set
0.8362
0.8207
0.8260
0.8438
0.8446
0.8469
0.8544
0.8504
0.8542
0.8582
Training Set
0.8122
0.8392
0.8343
0.8355
0.8395
0.8325
0.8482
0.8334
0.8468
0.8389
