Training Set
0.6246
0.6154
0.6333
0.6235
0.6262
0.6061
0.6193
0.6229
0.6212
0.5927
0.6210
0.6246
0.6215
0.6079
0.6322
0.6216
0.6415
0.6507
0.6308
0.6244
Training Set
0.6173
0.6262
0.6163
0.6654
0.6192
0.6514
0.6276
0.6160
0.6365
0.6404
0.6315
0.6363
0.6286
0.6281
0.6203
0.6255
0.6282
0.6209
0.6216
0.6387
Training Set
0.6080
0.6081
0.6097
0.6129
0.6187
0.6118
0.6201
0.6180
0.6036
0.6002
0.5942
0.6430
0.6219
0.6259
0.6149
0.5897
0.6231
0.6159
0.5863
0.5755
Training Set
0.5696
0.5802
0.5850
0.5981
0.5810
0.5789
0.5952
0.5724
0.5955
0.5675
0.6067
0.5895
0.5973
0.5939
0.6034
0.5897
0.5796
0.6120
0.6013
0.5980
Training Set
0.6114
0.6371
0.6148
0.5892
0.5960
0.5833
0.6032
0.5973
0.6012
0.6002
0.6263
0.6179
0.6090
0.6170
0.6086
0.6053
0.6004
0.6010
0.6195
0.6043
Training Set
0.6096
0.5639
0.5997
0.5733
0.6081
0.6011
0.6042
0.6047
0.5744
0.6120
0.5944
0.6052
0.6120
0.6000
0.6210
0.6171
0.6138
0.6085
0.5916
0.6087
Training Set
0.6322
0.5817
0.5863
0.6101
0.6054
0.5845
0.6206
0.6087
0.5841
0.5982
0.6155
0.6092
0.6209
0.6021
0.6210
0.6021
0.6075
0.5944
0.5934
0.5939
Training Set
0.6438
0.6360
0.6293
0.6333
0.6387
0.6315
0.6497
0.6147
0.6313
0.6491
0.6557
0.6361
0.6533
0.6445
0.6409
0.6413
0.6493
0.6473
0.6284
0.6349
Training Set
0.6051
0.6107
0.6192
0.6253
0.6404
0.6470
0.6184
0.6331
0.6229
0.6126
0.6531
0.6459
0.6299
0.6301
0.6266
0.6322
0.6139
0.6339
0.6223
0.6260
Training Set
0.6110
0.5851
0.5982
0.5844
0.6181
0.6337
0.6224
0.6302
0.6192
0.6335
0.6252
0.6491
0.6263
0.6377
0.6406
0.6379
0.6274
0.6357
0.6298
0.6250
