Training Set
0.8516
0.8668
0.8638
0.8568
0.8466
0.8494
0.8481
0.8489
0.8558
0.8553
0.8557
0.8616
0.8612
0.8571
0.8622
0.8597
0.8489
0.8591
0.8554
0.8674
Training Set
0.8303
0.8455
0.8480
0.8399
0.8366
0.8455
0.8504
0.8560
0.8140
0.8656
0.8580
0.8457
0.8587
0.8512
0.8532
0.8585
0.8593
0.8630
0.8678
0.8574
Training Set
0.8092
0.8034
0.8197
0.8034
0.8164
0.8096
0.8171
0.8106
0.8236
0.8162
0.8168
0.8252
0.8261
0.8118
0.8225
0.8198
0.8192
0.8253
0.8183
0.8087
Training Set
0.7818
0.7890
0.8048
0.7996
0.7884
0.7995
0.8108
0.8127
0.8120
0.8176
0.8039
0.8171
0.8118
0.8058
0.8115
0.8147
0.8167
0.8150
0.8153
0.8087
Training Set
0.8194
0.8164
0.8093
0.8332
0.8274
0.8501
0.8311
0.8232
0.8265
0.8278
0.8367
0.8299
0.8385
0.8313
0.8271
0.8302
0.8309
0.8417
0.8338
0.8418
Training Set
0.8135
0.8021
0.8130
0.8156
0.8229
0.8210
0.8299
0.8190
0.8175
0.8207
0.8150
0.8288
0.8202
0.8153
0.8260
0.8252
0.8249
0.8126
0.8267
0.8286
Training Set
0.7954
0.8001
0.7928
0.7912
0.7706
0.7759
0.7810
0.7727
0.7803
0.7798
0.7972
0.7727
0.7813
0.7777
0.7819
0.7813
0.7860
0.7846
0.7806
0.7834
Training Set
0.8469
0.8376
0.8494
0.8560
0.8393
0.8621
0.8439
0.8378
0.8595
0.8675
0.8494
0.8462
0.8555
0.8555
0.8549
0.8524
0.8612
0.8664
0.8658
0.8570
Training Set
0.8490
0.8350
0.8433
0.8081
0.8414
0.8538
0.8517
0.8453
0.8541
0.8395
0.8382
0.8431
0.8458
0.8337
0.8289
0.8390
0.8518
0.8448
0.8576
0.8403
Training Set
0.8439
0.8325
0.8361
0.8501
0.8521
0.8408
0.8417
0.8333
0.8518
0.8465
0.8471
0.8444
0.8381
0.8495
0.8292
0.8509
0.8394
0.8482
0.8448
0.8413
