Training Set
0.6279
0.5963
0.6080
0.6084
0.6310
0.6038
0.6056
0.6028
0.5878
0.5806
Training Set
0.6180
0.6367
0.6233
0.6419
0.6371
0.6500
0.6473
0.6327
0.6492
0.6109
Training Set
0.6371
0.6199
0.6356
0.6172
0.6337
0.6375
0.6340
0.6178
0.6129
0.6310
Training Set
0.5847
0.5580
0.5803
0.5641
0.5756
0.5893
0.5896
0.5925
0.5878
0.5976
Training Set
0.6312
0.6161
0.6393
0.6721
0.6388
0.6299
0.6317
0.6429
0.6237
0.6152
Training Set
0.6111
0.6170
0.6250
0.6240
0.6286
0.6191
0.6561
0.6287
0.6256
0.6353
Training Set
0.5664
0.5833
0.5818
0.6020
0.6039
0.6007
0.5993
0.6076
0.5882
0.5798
Training Set
0.6397
0.6109
0.6252
0.6136
0.6307
0.6033
0.6144
0.6137
0.5853
0.6447
Training Set
0.6342
0.6284
0.6138
0.6039
0.6173
0.6274
0.6209
0.6051
0.6062
0.6098
Training Set
0.6692
0.5969
0.6307
0.6258
0.6378
0.6184
0.6296
0.6257
0.6095
0.6164
