Training Set
0.7813
0.7527
0.7808
0.7507
0.7634
0.7305
0.7605
0.7801
0.7634
0.8013
Training Set
0.7625
0.8023
0.8036
0.8013
0.7910
0.8136
0.8279
0.8066
0.8383
0.8265
Training Set
0.7985
0.7874
0.7469
0.7907
0.7684
0.7836
0.7720
0.8025
0.7947
0.7890
Training Set
0.7940
0.7891
0.8121
0.8151
0.8148
0.7856
0.7832
0.8036
0.8022
0.8063
Training Set
0.7665
0.7612
0.7737
0.7511
0.7606
0.7491
0.7762
0.7691
0.7745
0.7692
Training Set
0.8214
0.7684
0.7939
0.7926
0.7751
0.7950
0.8160
0.8085
0.8170
0.8185
Training Set
0.8550
0.8472
0.8492
0.8408
0.8505
0.8333
0.8529
0.8554
0.8719
0.8629
Training Set
0.7686
0.7950
0.7847
0.7702
0.7977
0.7962
0.7965
0.8089
0.8093
0.7957
Training Set
0.7868
0.7992
0.8077
0.7970
0.7859
0.7967
0.8042
0.8208
0.8106
0.7949
Training Set
0.7891
0.7669
0.7885
0.7796
0.7544
0.7839
0.7676
0.7856
0.7786
0.7739
