Training Set
0.6196
0.6346
0.6563
0.6263
0.6346
0.6252
0.6433
0.6564
0.6556
0.6423
0.6282
0.6318
0.6292
0.6419
0.6379
0.6428
0.6440
0.6418
0.6388
0.6391
Training Set
0.6387
0.6330
0.6294
0.6269
0.6382
0.6407
0.6476
0.6424
0.6471
0.6400
0.6313
0.6270
0.6030
0.6238
0.6474
0.6330
0.6194
0.6425
0.6201
0.6433
Training Set
0.5874
0.6386
0.6362
0.6267
0.6203
0.6402
0.6515
0.6372
0.6495
0.6390
0.6265
0.6321
0.6561
0.6353
0.6445
0.6242
0.6396
0.6470
0.6209
0.6293
Training Set
0.6150
0.6042
0.6087
0.6198
0.6037
0.5793
0.6088
0.6019
0.6137
0.6110
0.5962
0.6060
0.6259
0.5987
0.6082
0.6109
0.6145
0.6086
0.6184
0.6007
Training Set
0.6231
0.5881
0.6069
0.6127
0.6052
0.6259
0.6221
0.6144
0.6020
0.6111
0.6277
0.6116
0.6079
0.6088
0.6080
0.6257
0.6235
0.6265
0.6257
0.6127
Training Set
0.6012
0.5984
0.6055
0.6077
0.6055
0.6115
0.6108
0.5992
0.5994
0.6068
0.5974
0.6030
0.6058
0.6069
0.6091
0.6069
0.6118
0.6078
0.6273
0.6133
Training Set
0.6541
0.6200
0.6166
0.6280
0.6307
0.6080
0.6195
0.6063
0.6042
0.5985
0.6176
0.5975
0.6009
0.5926
0.6049
0.5884
0.5772
0.6047
0.6064
0.6041
Training Set
0.5995
0.6347
0.6195
0.5736
0.6019
0.6269
0.5938
0.5877
0.6288
0.6265
0.6251
0.6084
0.6126
0.6120
0.6270
0.6094
0.6093
0.6105
0.6260
0.6363
Training Set
0.6115
0.6094
0.6304
0.6206
0.6351
0.6425
0.6311
0.6282
0.6480
0.6272
0.6332
0.6123
0.6148
0.6533
0.6236
0.6211
0.6409
0.6253
0.6002
0.6315
Training Set
0.6134
0.6099
0.6096
0.6247
0.6155
0.6129
0.6142
0.6115
0.6304
0.6155
0.6274
0.6148
0.6078
0.6256
0.6148
0.6063
0.6016
0.6208
0.6312
0.6158
