Training Set
0.8460
0.8559
0.8690
0.8540
0.8552
0.8540
0.8513
0.8494
0.8458
0.8593
Training Set
0.8201
0.8583
0.8440
0.8457
0.8615
0.8426
0.8666
0.8570
0.8643
0.8609
Training Set
0.8051
0.7915
0.8177
0.8120
0.8207
0.8000
0.8095
0.8073
0.8099
0.8231
Training Set
0.8043
0.7843
0.7994
0.8071
0.7835
0.7840
0.7971
0.8184
0.8158
0.8208
Training Set
0.8216
0.8212
0.8315
0.8325
0.8240
0.8311
0.8241
0.8228
0.8308
0.8242
Training Set
0.7896
0.8050
0.8137
0.8229
0.8261
0.8274
0.8219
0.8327
0.8240
0.8202
Training Set
0.7913
0.7857
0.7798
0.7824
0.7818
0.7798
0.7697
0.7830
0.7883
0.7684
Training Set
0.8468
0.8589
0.8667
0.8633
0.8396
0.8425
0.8524
0.8479
0.8657
0.8685
Training Set
0.8452
0.8314
0.8534
0.8258
0.8436
0.8368
0.8483
0.8335
0.8423
0.8534
Training Set
0.8424
0.8434
0.8477
0.8415
0.8483
0.8408
0.8389
0.8251
0.8462
0.8425
