Training Set
0.6088
0.6168
0.6119
0.5847
0.6045
0.6105
0.6237
0.6134
0.6219
0.6046
Training Set
0.6255
0.6516
0.6479
0.6549
0.6457
0.6454
0.6245
0.6425
0.5912
0.6129
Training Set
0.6339
0.6421
0.6225
0.6320
0.6191
0.6389
0.6448
0.6452
0.6353
0.6229
Training Set
0.5888
0.5913
0.5767
0.5864
0.5914
0.5845
0.5943
0.5916
0.5753
0.5737
Training Set
0.5924
0.5869
0.6394
0.6249
0.6291
0.6224
0.6228
0.6447
0.6254
0.6426
Training Set
0.6258
0.6302
0.6346
0.6027
0.5899
0.6383
0.6108
0.6141
0.6051
0.6112
Training Set
0.5990
0.5417
0.5852
0.5889
0.6100
0.6018
0.5909
0.6093
0.5913
0.5819
Training Set
0.6458
0.6624
0.6213
0.6016
0.6113
0.6230
0.6579
0.6489
0.6212
0.6386
Training Set
0.6235
0.6104
0.5897
0.6250
0.6037
0.5912
0.5857
0.6050
0.6335
0.6289
Training Set
0.6300
0.6250
0.6479
0.6144
0.6285
0.6470
0.6464
0.6244
0.6273
0.6229
