Training Set
0.6033
0.6059
0.5991
0.6241
0.6183
0.6040
0.6257
0.6031
0.6259
0.6052
Training Set
0.6797
0.6557
0.6255
0.6343
0.6218
0.6480
0.6440
0.6533
0.6094
0.6300
Training Set
0.6333
0.6468
0.6368
0.6338
0.6302
0.6551
0.6523
0.6430
0.6555
0.6305
Training Set
0.5726
0.5820
0.5842
0.5787
0.5853
0.5831
0.5888
0.5774
0.5765
0.5781
Training Set
0.6216
0.6042
0.6391
0.6282
0.6287
0.6434
0.6304
0.6138
0.6327
0.6240
Training Set
0.6160
0.6134
0.6027
0.6322
0.6359
0.6631
0.5947
0.5971
0.6042
0.6337
Training Set
0.6183
0.6079
0.5864
0.6035
0.6097
0.6064
0.5999
0.5801
0.5994
0.5927
Training Set
0.5852
0.5775
0.6077
0.6322
0.6237
0.6222
0.6271
0.6219
0.6199
0.6625
Training Set
0.6172
0.6267
0.6281
0.6157
0.6069
0.6059
0.5863
0.6131
0.6127
0.6162
Training Set
0.6332
0.6252
0.6388
0.6172
0.6456
0.6392
0.6365
0.6175
0.6218
0.6257
