Training Set
0.6703
0.7074
0.7337
0.7359
0.7288
0.7436
0.7394
0.7335
0.7607
0.7407
Training Set
0.6793
0.6846
0.6861
0.6769
0.6959
0.7190
0.6977
0.7118
0.6872
0.6951
Training Set
0.6579
0.6852
0.6985
0.7038
0.7060
0.6984
0.7305
0.7313
0.7168
0.7121
Training Set
0.6935
0.6963
0.7034
0.7120
0.7251
0.7453
0.7399
0.7092
0.7534
0.7542
Training Set
0.6533
0.7081
0.6818
0.6991
0.7014
0.7023
0.7137
0.7223
0.7191
0.7467
Training Set
0.6187
0.6556
0.6480
0.6809
0.6649
0.6991
0.7021
0.7034
0.6708
0.6878
Training Set
0.6486
0.7003
0.7080
0.7007
0.6911
0.6982
0.7025
0.6665
0.7131
0.6865
Training Set
0.6353
0.7032
0.7148
0.6734
0.7083
0.7052
0.7048
0.7024
0.7158
0.7179
Training Set
0.6818
0.7168
0.7005
0.6847
0.7015
0.7001
0.6914
0.6789
0.6950
0.6927
Training Set
0.6801
0.7045
0.7022
0.6831
0.6837
0.7166
0.7083
0.7041
0.7324
0.7281
