Training Set
0.7655
0.7798
0.8024
0.7884
0.7634
0.7892
0.7790
0.7865
0.7750
0.8044
Training Set
0.8195
0.8132
0.8301
0.8209
0.8249
0.8166
0.8381
0.8215
0.8261
0.8282
Training Set
0.7996
0.7854
0.7872
0.7919
0.7983
0.7945
0.7929
0.8012
0.8053
0.7927
Training Set
0.8090
0.8257
0.8247
0.8082
0.8104
0.8337
0.8252
0.8190
0.8053
0.8264
Training Set
0.7762
0.7843
0.7898
0.7860
0.7894
0.7978
0.7680
0.7807
0.7840
0.7969
Training Set
0.7880
0.8064
0.8172
0.7995
0.8019
0.8078
0.8054
0.8027
0.8078
0.7966
Training Set
0.8271
0.8448
0.8518
0.7904
0.8509
0.8577
0.8470
0.8461
0.8577
0.8640
Training Set
0.7754
0.8025
0.8017
0.7881
0.7847
0.8017
0.7927
0.7894
0.8056
0.8186
Training Set
0.7932
0.8096
0.8114
0.8146
0.8207
0.8102
0.8199
0.7889
0.8136
0.8033
Training Set
0.7641
0.7536
0.7934
0.8020
0.7922
0.7943
0.8002
0.7986
0.8014
0.7796
