Training Set
0.7970
0.7970
0.7970
0.7970
0.7970
0.7970
0.7970
0.7970
0.7970
0.7970
Training Set
0.7898
0.7898
0.7898
0.7898
0.7898
0.7898
0.7898
0.7898
0.7898
0.7898
Training Set
0.7532
0.7532
0.7532
0.7532
0.7532
0.7532
0.7532
0.7532
0.7532
0.7532
Training Set
0.7306
0.7306
0.7306
0.7306
0.7306
0.7306
0.7306
0.7306
0.7306
0.7306
Training Set
0.7622
0.7622
0.7622
0.7622
0.7622
0.7622
0.7622
0.7622
0.7622
0.7622
Training Set
0.7597
0.7597
0.7597
0.7597
0.7597
0.7597
0.7597
0.7597
0.7597
0.7597
Training Set
0.7267
0.7267
0.7267
0.7267
0.7267
0.7267
0.7267
0.7267
0.7267
0.7267
Training Set
0.7844
0.7844
0.7844
0.7844
0.7844
0.7844
0.7844
0.7844
0.7844
0.7844
Training Set
0.7617
0.7617
0.7617
0.7617
0.7617
0.7617
0.7617
0.7617
0.7617
0.7617
Training Set
0.7733
0.7733
0.7733
0.7733
0.7733
0.7733
0.7733
0.7733
0.7733
0.7733
