Training Set
0.5711
0.5711
0.5711
0.5711
0.6258
0.6299
0.6285
0.6285
0.6284
0.6291
0.6311
0.6323
0.6383
0.6337
0.6337
0.6359
0.6390
0.6392
0.6392
0.6468
Training Set
0.5788
0.5788
0.5788
0.5788
0.6385
0.6376
0.6375
0.6379
0.6360
0.6360
0.6354
0.6338
0.6436
0.6341
0.6405
0.6428
0.6402
0.6415
0.6404
0.6427
Training Set
0.5273
0.5273
0.5273
0.5273
0.6098
0.6127
0.6189
0.6189
0.6231
0.6191
0.6404
0.6404
0.6576
0.6565
0.6581
0.6559
0.6591
0.6575
0.6590
0.6513
Training Set
0.5137
0.5137
0.5137
0.5137
0.5877
0.5941
0.5894
0.5767
0.5912
0.5849
0.5816
0.5807
0.5962
0.5950
0.5779
0.5817
0.5800
0.5984
0.5994
0.5972
Training Set
0.5446
0.5446
0.5446
0.5446
0.6157
0.6249
0.6273
0.6445
0.6383
0.6300
0.6394
0.6266
0.6305
0.6276
0.6278
0.6305
0.6322
0.6339
0.6327
0.6251
Training Set
0.5397
0.5397
0.5397
0.5397
0.5896
0.5850
0.5867
0.5833
0.5860
0.5875
0.5898
0.5985
0.5966
0.5859
0.5949
0.5962
0.5949
0.5944
0.5943
0.5943
Training Set
0.5322
0.5322
0.5322
0.5322
0.5902
0.6049
0.6040
0.5922
0.5979
0.6029
0.5979
0.5980
0.5954
0.6054
0.6119
0.6091
0.6130
0.6066
0.6065
0.6028
Training Set
0.5503
0.5503
0.5503
0.5503
0.6241
0.6248
0.6305
0.6338
0.6324
0.6314
0.6331
0.6314
0.6307
0.6348
0.6360
0.6358
0.6375
0.6366
0.6257
0.6359
Training Set
0.5613
0.5613
0.5613
0.5613
0.6184
0.6186
0.6185
0.6186
0.6195
0.6178
0.6178
0.6284
0.6321
0.6310
0.6343
0.6320
0.6313
0.6310
0.6325
0.6325
Training Set
0.5717
0.5717
0.5717
0.5717
0.5977
0.5999
0.6024
0.6047
0.6143
0.6198
0.6139
0.6141
0.6131
0.6183
0.6141
0.6234
0.6123
0.6172
0.6157
0.6157
