Training Set
0.7970
0.8659
0.8586
0.8591
0.8618
0.8631
0.8668
0.8583
0.8621
0.8588
Training Set
0.7898
0.8533
0.8523
0.8539
0.8498
0.8486
0.8509
0.8493
0.8425
0.8520
Training Set
0.7532
0.8202
0.8294
0.8245
0.8261
0.8261
0.8237
0.8240
0.8206
0.8182
Training Set
0.7306
0.7934
0.8089
0.8094
0.8082
0.8071
0.8124
0.8135
0.8134
0.8128
Training Set
0.7622
0.8356
0.8417
0.8331
0.8351
0.8306
0.8180
0.8183
0.8278
0.8278
Training Set
0.8061
0.8272
0.8306
0.8286
0.8205
0.8348
0.8225
0.8263
0.8308
0.8219
Training Set
0.7267
0.7863
0.7939
0.7895
0.7855
0.7901
0.7847
0.7866
0.7843
0.7840
Training Set
0.7844
0.8551
0.8684
0.8719
0.8672
0.8665
0.8708
0.8653
0.8644
0.8660
Training Set
0.8198
0.8551
0.8616
0.8568
0.8592
0.8641
0.8504
0.8578
0.8505
0.8517
Training Set
0.8158
0.8391
0.8450
0.8436
0.8406
0.8441
0.8402
0.8488
0.8485
0.8478
