Training Set
0.8453
0.8162
0.8616
0.8390
0.8293
0.8445
0.8449
0.8572
0.8573
0.8448
Training Set
0.8398
0.8092
0.8294
0.8525
0.8339
0.8095
0.8214
0.8636
0.8437
0.8436
Training Set
0.8029
0.7983
0.7975
0.8034
0.8103
0.7920
0.7959
0.8084
0.8184
0.8279
Training Set
0.7532
0.7718
0.8106
0.7754
0.7946
0.7580
0.7833
0.7992
0.7863
0.7987
Training Set
0.8143
0.7917
0.7852
0.7974
0.8229
0.8263
0.8269
0.8068
0.8160
0.8290
Training Set
0.7308
0.8141
0.8152
0.8061
0.8117
0.7832
0.8114
0.8119
0.8083
0.8149
Training Set
0.7811
0.7754
0.7965
0.7880
0.7882
0.7775
0.7951
0.7777
0.7822
0.7757
Training Set
0.8343
0.7997
0.8511
0.8321
0.8266
0.8172
0.8162
0.8283
0.8387
0.8141
Training Set
0.8442
0.8127
0.8362
0.8309
0.8253
0.8213
0.8546
0.8448
0.8506
0.8501
Training Set
0.8252
0.8254
0.8299
0.8168
0.8288
0.8244
0.8480
0.8382
0.8382
0.8338
