Training Set
0.6065
0.5989
0.6062
0.5946
0.6097
0.6043
0.6006
0.5946
0.5935
0.5875
Training Set
0.6055
0.6156
0.5897
0.6025
0.5857
0.6195
0.5810
0.5859
0.5999
0.5995
Training Set
0.6427
0.6682
0.6708
0.6622
0.6631
0.6615
0.6674
0.6522
0.6621
0.6701
Training Set
0.6353
0.6553
0.6223
0.6491
0.6415
0.6423
0.6432
0.6509
0.6438
0.6488
Training Set
0.5955
0.6065
0.6052
0.5937
0.6082
0.5923
0.6037
0.5934
0.5961
0.5874
Training Set
0.6004
0.6046
0.6000
0.6040
0.6081
0.5900
0.6166
0.6216
0.6187
0.6195
Training Set
0.5779
0.5882
0.5985
0.6123
0.6270
0.6192
0.5862
0.5970
0.5970
0.5832
Training Set
0.6244
0.6225
0.6238
0.6153
0.6136
0.5913
0.6047
0.5922
0.6276
0.6104
Training Set
0.6120
0.6220
0.5942
0.6233
0.6163
0.6174
0.6259
0.6101
0.5972
0.6071
Training Set
0.6396
0.6416
0.6409
0.6431
0.6434
0.6386
0.6483
0.6424
0.6465
0.6303
