Training Set
0.8798
0.8478
0.8636
0.8659
0.8611
0.8522
0.8608
0.8525
0.8549
0.8538
Training Set
0.8503
0.8442
0.8587
0.8454
0.8540
0.8511
0.8559
0.8419
0.8480
0.8580
Training Set
0.8226
0.8186
0.8063
0.8088
0.8167
0.8003
0.8107
0.8182
0.8163
0.8242
Training Set
0.7742
0.7970
0.8040
0.8054
0.8075
0.7952
0.8131
0.8144
0.8102
0.8200
Training Set
0.8402
0.8180
0.8230
0.8288
0.8169
0.8401
0.8328
0.8301
0.8333
0.8430
Training Set
0.8272
0.8193
0.8028
0.8244
0.8292
0.8204
0.8318
0.8355
0.8246
0.8364
Training Set
0.7798
0.7862
0.7837
0.7829
0.7901
0.8000
0.7757
0.7697
0.7790
0.7647
Training Set
0.8411
0.8487
0.8626
0.8501
0.8507
0.8459
0.8394
0.8567
0.8583
0.8537
Training Set
0.8519
0.8345
0.8352
0.8411
0.8550
0.8506
0.8466
0.8452
0.8550
0.8447
Training Set
0.8567
0.8515
0.8501
0.8468
0.8426
0.8479
0.8415
0.8401
0.8470
0.8459
